$ANSIBLE_VAULT;1.1;AES256
37356162333133343664303833376231313962366665356165653632653232666235626461643832
6134306639376139626366333666376238336666643563370a643730353763613830613439623731
65626138396632366334623338386266613933633365303731373734393732623735333766643761
6362626234396231390a373831626661653532363763336562323131396565653631656336343237
37343030363833303436313230663535373165646164333161346366633366343534313764626164
62633939623238653633623536393263336461313531633235353333623439376666393865333238
30383933353166356663306332356438636565313333663065666134323431316463386164383239
62613361303035326336396539626439666534313035386430626337666332333638666263336562
39666435306264623566393539333330383264633339323361643938616364373234333463343162
32303531666137386634303261376534646238663830653433373931323635373936653332316436
38306132306538323463666235346437626531636463353733336530373037386362353736643662
63383435636139643139646464313531323535313231613939313834346464393837613036373731
35323066343934663133393034633838633232666231653233306539326133356465663537653034
62333532653635656437303131326430616537333634663331656236316331366534373135663162
65623235396636326334623737623061343263383233316136393332656533313865653039373663
36396330316431646237393132386563646264643032633261663333336632343839313231383461
65643534336633386132646432623338653065656637633363616432303137663335613434626638
61666136343666626232663636656536663764616635393437373538666335313031333033616564
64626236616265363765393237653864656235646131343439386665663836633738323239373235
35623464623833313761663761623037663865373432376538626532613961336333386535333538
61366131626334666339613235653865616232663638663132623738393132356236656565653765
66363431643033616565343661346663316664366437663937656330626261336132663065663530
39353365363663363838666562663766616531386434323962306437613033363661653337346664
63633764656337336166396133396363323664623138393365306234666238353466306530303032
33333237396332303236366532326237366363366666326666303962383364616235396237646337
3764623566643263386665313839636232643761393965333964
